16 0.305474 0.644137 0.371908 0.646381 0.371908 0.567827 0.301883 0.562217
3 0.387170 0.642781 0.389863 0.574327 0.411022 0.576151 0.407882 0.640514
7 0.424941 0.644831 0.430592 0.635412 0.433104 0.577328 0.413542 0.581691 0.409525 0.631396 0.410328 0.643446
0 0.450564 0.567151 0.454781 0.568205 0.452673 0.586655 0.444238 0.619338 0.434117 0.638315 0.433274 0.627772 0.435383 0.610377
1 0.469541 0.621205 0.471650 0.604336 0.467433 0.561111 0.459420 0.560057 0.455846 0.571938 0.454280 0.587269 0.455324 0.620868 0.460543 0.623803
8 0.476201 0.637327 0.485073 0.636675 0.493685 0.578611 0.472025 0.575349
0 0.497403 0.634807 0.489355 0.626521 0.511607 0.581543 0.516341 0.592788
3 0.533859 0.638949 0.513027 0.638357 0.517408 0.595012 0.516960 0.586617 0.520094 0.572906 0.529944 0.571227 0.535317 0.574025
3 0.553338 0.634747 0.573709 0.633068 0.573037 0.566749 0.553561 0.569827 0.552218 0.629710
1 0.537220 0.569827 0.535877 0.589695 0.535205 0.634187 0.543935 0.634187 0.549980 0.630549 0.551099 0.624953 0.551547 0.570667 0.543040 0.568988
6 0.575052 0.565910 0.575500 0.629150 0.594304 0.627191 0.596095 0.565350
2 0.622286 0.547908 0.616690 0.575331 0.622062 0.622621 0.631017 0.622061 0.630569 0.547628
9 0.633927 0.547686 0.632584 0.565875 0.634822 0.615684 0.649149 0.614844 0.654074 0.599734 0.652731 0.546287
2 0.678001 0.522685 0.674778 0.562303 0.680687 0.604606 0.691430 0.602591 0.689282 0.521343
9 0.698414 0.516195 0.711306 0.514180 0.713560 0.582323 0.701368 0.590189 0.694289 0.585764 0.691929 0.573474 0.691929 0.527261
13 0.304135 0.711272 0.363523 0.708814 0.369816 0.663093 0.369029 0.651786 0.352117 0.648344 0.306494 0.647853
3 0.387509 0.713958 0.390007 0.652302 0.411235 0.652302 0.408738 0.713177
6 0.410157 0.711542 0.412560 0.651048 0.433497 0.650619 0.431780 0.708110
0 0.436242 0.702568 0.433153 0.687123 0.453061 0.647651 0.454777 0.663955
1 0.469192 0.696990 0.472281 0.677684 0.469879 0.635209 0.459239 0.633493 0.457179 0.639929 0.456150 0.663955 0.455806 0.695274
8 0.494248 0.647651 0.485324 0.697849 0.473998 0.696990 0.472968 0.658806 0.472968 0.640787
0 0.498367 0.701728 0.489443 0.693147 0.510380 0.655821 0.515528 0.666976
3 0.514155 0.710594 0.535435 0.708449 0.535435 0.649242 0.525482 0.647097 0.517931 0.650530 0.515871 0.661684 0.517588 0.669407
1 0.547448 0.704159 0.553970 0.695578 0.553283 0.646668 0.541957 0.644094 0.538524 0.647955 0.536465 0.661255 0.537495 0.699869
3 0.575250 0.702443 0.574907 0.644952 0.564953 0.642807 0.556029 0.647955 0.556029 0.666404 0.556029 0.701585
7 0.576923 0.641520 0.576923 0.695578 0.581042 0.699440 0.595801 0.697723 0.596487 0.672839 0.593398 0.639804
17 0.615365 0.632081 0.616394 0.698152 0.659298 0.691288 0.660671 0.628649
4 0.681265 0.678542 0.678175 0.612900 0.693278 0.607751 0.699112 0.609467 0.701172 0.665242
5 0.716617 0.663275 0.721765 0.640966 0.716960 0.590339 0.705977 0.599349 0.701515 0.628524 0.701515 0.648259 0.707693 0.662846
11 0.429756 0.814638 0.455017 0.813957 0.455838 0.803851 0.456393 0.747662 0.427536 0.752518
14 0.458179 0.811823 0.458556 0.740722 0.478521 0.731776 0.483041 0.736484 0.473247 0.808056
12 0.503391 0.801009 0.481260 0.793747 0.483750 0.739457 0.487900 0.737037 0.507817 0.749485 0.506987 0.797896
3 0.532161 0.808299 0.532991 0.747785 0.555675 0.746748 0.558995 0.807262
6 0.561761 0.808299 0.558718 0.744673 0.586105 0.743635 0.585552 0.805187
2 0.601597 0.805461 0.601320 0.738722 0.588318 0.740797 0.586659 0.804423
8 0.610449 0.799582 0.609066 0.735956 0.631197 0.731461 0.630367 0.795433
7 0.636453 0.795216 0.656924 0.793142 0.657477 0.724674 0.633963 0.733319
2 0.688460 0.780002 0.699249 0.780693 0.699249 0.705555 0.684588 0.708321 0.681545 0.782667
9 0.705612 0.774714 0.702292 0.757770 0.703399 0.703480 0.726360 0.699676 0.731339 0.754658 0.724423 0.772293
18 0.431895 0.821463 0.432343 0.885799 0.512008 0.860065 0.508427 0.808596 0.490525 0.803561 0.465910 0.817547
17 0.531252 0.873258 0.533043 0.816195 0.583616 0.822909 0.584064 0.870461
7 0.610574 0.868558 0.633002 0.859466 0.636952 0.801017 0.617183 0.801579 0.609544 0.830222
10 0.652846 0.860550 0.664079 0.822921 0.664977 0.794839 0.639816 0.802140 0.637120 0.826852 0.637120 0.862235
0 0.667673 0.849504 0.687442 0.814122 0.688341 0.797273 0.663629 0.834902 0.663180 0.842203
15 0.686993 0.845947 0.713951 0.842016 0.699574 0.785853 0.688790 0.787538 0.688568 0.826556
